420
365
623
366
192
423
229
623
158
666
261
215
922
817
42
920
325
601
457
3
969
771
251
577
159
948
300
223
807
222
333
400
341
46
77
482
241
734
34
133
850
983
494
92
562
280
388
231
908
819
435
813
309
826
886
682
320
115
489
538
783
418
864
981
935
968
566
222
328
167
418
934
658
739
540
383
580
136
875
264
676
458
129
601
801
976
750
569
440
880
638
353
265
830
397
218
141
617
172
379
84
857
412
771
935
51
369
8
341
165
986
36
391
161
417
249
327
634
618
654
505
440
176
850
884
941
371
745
654
744
339
152
462
233
846
969
262
611
114
414
137
571
944
574
350
418
665
121
219
423
700
656
97
390
226
222
882
202
313
943
226
1
148
7
55
919
435
223
864
256
557
126
76
257
938
6
209
44
981
180
82
729
692
263
668
294
19
840
329
864
256
616
801
365
352
378
727
321
456
756
427
111
839
380
883
273
196
830
178
827
908
694
496
473
486
26
289
370
806
875
743
348
492
296
133
585
427
265
762
344
40
347
816
227
830
192
218
172
622
221
276
182
45
131
37
22
947
3
163
675
123
961
110
829
621
683
198
53
786
693
83
508
50
767
354
2
338
935
739
411
735
425
472
652
820
81
782
315
373
518
272
385
818
805
501
396
218
893
91
833
297
894
600
852
320
735
295
65
614
971
685
807
321
422
496
390
226
375
853
495
400
171
917
512
615
820
989
39
474
275
848
32
99
959
783
558
289
609
35
362
206
832
773
813
971
988
217
146
280
127
749
776
990
516
388
614
763
311
24
944
968
694
175
656
745
494
713
594
466
983
764
368
514
396
362
780
866
53
421
361
147
722
26
364
356
625
576
211
417
151
675
982
324
422
490
730
550
617
707
900
493
6
316
550
1
535
290
66
439
743
587
511
576
818
130
496
999
813
500
833
426
273
814
520
619
343
623
837
8
70
57
621
910
423
759
922
874
658
718
924
966
411
660
117
567
680
29
151
683
91
90
764
489
265
389
168
955
896
141
205
555
72
953
566
430
275
392
271
655
137
23
749
342
258
102
244
781
912
31
648
317
3
188
832
415
238
58
474
435
917
192
597
959
355
883
226
199
637
14
151
86
879
433
918
656
331
73
949
938
292
